0 3.356 166.087 1993.044 0 0 1993.044
58.75 3.32244 164.439 1973.268 20.441 1.036 1952.827
117.5 3.28888 162.792 1953.504 40.468 2.072 1913.036
176.25 3.25532 161.144 1933.728 60.083 3.107 1873.645
235 3.22176 159.497 1913.964 79.285 4.142 1834.679
293.751 3.1882 157.849 1894.188 98.074 5.178 1796.114
352.501 3.15464 156.201 1874.412 116.45 6.213 1757.962
411.251 3.12108 154.554 1854.648 134.413 7.247 1720.235
470.001 3.08752 152.906 1834.872 151.963 8.282 1682.909
528.751 3.05396 151.259 1815.108 169.1 9.316 1646.008
587.501 3.0204 149.611 1795.332 185.824 10.35 1609.508
646.251 2.98684 147.963 1775.556 202.135 11.384 1573.421
705.001 2.95328 146.316 1755.792 218.033 12.418 1537.759
763.751 2.91972 144.668 1736.016 233.519 13.451 1502.497
822.502 2.88616 143.02 1716.24 248.591 14.485 1467.649
881.252 2.8526 141.373 1696.476 263.251 15.518 1433.225
940.002 2.81904 139.725 1676.7 277.497 16.55 1399.203
998.752 2.78548 138.078 1656.936 291.331 17.583 1365.605
1057.502 2.75192 136.43 1637.16 304.751 18.615 1332.409
1116.252 2.71836 134.782 1617.384 317.759 19.646 1299.625
1175.002 2.6848 133.135 1597.62 330.354 20.678 1267.266
1233.752 2.65124 131.487 1577.844 342.535 21.709 1235.309
1292.502 2.61768 129.84 1558.08 354.304 22.74 1203.776
1351.253 2.58412 128.192 1538.304 365.66 23.77 1172.644
1410.003 2.55056 126.544 1518.528 376.603 24.801 1141.925
1468.753 2.517 124.897 1498.764 387.133 25.83 1111.631
1527.503 2.48344 123.249 1478.988 397.25 26.86 1081.738
1586.253 2.44988 121.602 1459.224 406.955 27.888 1052.269
1645.003 2.41632 119.954 1439.448 416.246 28.917 1023.202
1703.753 2.38276 118.306 1419.672 425.124 29.945 994.548
1762.503 2.3492 116.659 1399.908 433.589 30.973 966.319
1821.253 2.31564 115.011 1380.132 441.642 32 938.49
1880.004 2.28208 113.363 1360.356 449.281 33.027 911.075
1938.754 2.24852 111.716 1340.592 456.508 34.053 884.084
1997.504 2.21496 110.068 1320.816 463.321 35.078 857.495
2056.254 2.1814 108.421 1301.052 469.722 36.103 831.33
2115.004 2.14784 106.773 1281.276 475.709 37.128 805.567
2173.754 2.11428 105.125 1261.5 481.284 38.152 780.216
2232.504 2.08072 103.478 1241.736 486.446 39.175 755.29
2291.254 2.04716 101.83 1221.96 491.195 40.197 730.765
2350.004 2.0136 100.183 1202.196 495.531 41.219 706.665
2408.755 1.98004 98.535 1182.42 499.454 42.24 682.966
2467.505 1.94648 96.887 1162.644 502.964 43.26 659.68
2526.255 1.91292 95.24 1142.88 506.061 44.279 636.819
2585.005 1.87936 93.592 1123.104 508.745 45.298 614.359
2643.755 1.8458 91.945 1103.34 511.016 46.315 592.324
2702.505 1.81224 90.297 1083.564 512.874 47.332 570.69
2761.255 1.77868 88.649 1063.788 514.319 48.348 549.469
2820.005 1.74512 87.002 1044.024 515.352 49.362 528.672
2878.755 1.71156 85.354 1024.248 515.971 50.376 508.277
2937.506 1.678 83.707 1004.484 516.178 51.387 488.306
2996.256 1.64444 82.059 984.708 515.971 52.398 468.737
3055.006 1.61088 80.411 964.932 515.352 53.408 449.58
3113.756 1.57732 78.764 945.168 514.32 54.416 430.848
3172.506 1.54376 77.116 925.392 512.874 55.422 412.518
3231.256 1.5102 75.468 905.616 511.016 56.427 394.6
3290.006 1.47664 73.821 885.852 508.745 57.43 377.107
3348.756 1.44308 72.173 866.076 506.061 58.431 360.015
3407.506 1.40952 70.526 846.312 502.964 59.43 343.348
3466.256 1.37596 68.878 826.536 499.454 60.427 327.082
3525.007 1.3424 67.23 806.76 495.531 61.422 311.229
3583.757 1.30884 65.583 786.996 491.195 62.414 295.801
3642.507 1.27528 63.935 767.22 486.446 63.404 280.774
3701.257 1.24172 62.288 747.456 481.284 64.39 266.172
3760.007 1.20816 60.64 727.68 475.709 65.373 251.971
3818.757 1.1746 58.992 707.904 469.722 66.354 238.182
3877.507 1.14104 57.345 688.14 463.321 67.329 224.819
3936.257 1.10748 55.697 668.364 456.508 68.302 211.856
3995.007 1.07392 54.05 648.6 449.281 69.269 199.319
4053.758 1.04036 52.402 628.824 441.642 70.233 187.182
4112.508 1.0068 50.754 609.048 433.589 71.191 175.459
4171.258 0.97324 49.107 589.284 425.124 72.142 164.16
4230.008 0.93968 47.459 569.508 416.246 73.089 153.262
4288.758 0.90612 45.811 549.732 406.955 74.028 142.777
4347.508 0.87256 44.164 529.968 397.25 74.957 132.718
4406.258 0.839 42.516 510.192 387.133 75.88 123.059
4465.008 0.80544 40.869 490.428 376.603 76.791 113.825
4523.758 0.77188 39.221 470.652 365.66 77.692 104.992
4582.509 0.73832 37.573 450.876 354.304 78.581 96.572
4641.259 0.70476 35.926 431.112 342.536 79.454 88.576
4700.009 0.6712 34.278 411.336 330.354 80.312 80.982
4758.759 0.63764 32.631 391.572 317.759 81.15 73.813
4817.509 0.60408 30.983 371.796 304.751 81.967 67.045
4876.259 0.57052 29.335 352.02 291.331 82.76 60.689
4935.009 0.53696 27.688 332.256 277.497 83.519 54.759
4993.759 0.5034 26.04 312.48 263.251 84.246 49.229
5052.509 0.46984 24.393 292.716 248.591 84.926 44.125
5111.26 0.43628 22.745 272.94 233.519 85.557 39.421
5170.01 0.40272 21.097 253.164 218.033 86.123 35.131
5228.76 0.36916 19.45 233.4 202.135 86.605 31.265
5287.51 0.3356 17.802 213.624 185.824 86.986 27.8
5346.26 0.30204 16.154 193.848 169.1 87.233 24.748
5405.01 0.26848 14.507 174.084 151.963 87.293 22.121
5463.76 0.23492 12.859 154.308 134.413 87.107 19.895
5522.51 0.20136 11.212 134.544 116.45 86.552 18.094
5581.26 0.1678 9.564 114.768 98.074 85.454 16.694
5640.011 0.13424 7.916 94.992 79.285 83.465 15.707
5698.761 0.10068 6.269 75.228 60.083 79.868 15.145
5757.511 0.06712 4.621 55.452 40.468 72.978 14.984
5816.261 0.03356 2.974 35.688 20.441 57.277 15.247
5875.011 0 1.326 15.912 0 0 15.912